    8    0  -2757.230705222838
  0.723340210185D-02  0.723340210185D-02  0.723340210185D-02 D2INV=      1.0000 SUGGEST=       1.0000                   
  0.712141161096D-01  0.712141161096D-01  0.712141161096D-01 D2INV=      1.0000 SUGGEST=       1.0000                   
 -0.803822597866D-01 -0.803822597866D-01  0.769986171938D-01 D2INV=      1.0000 SUGGEST=       1.0000                   
  0.585263741088D+00 -0.393967948252D-02 -0.393967948252D-02 D2INV=      1.0000 SUGGEST=       1.0000                   
 -0.586146347735D+00 -0.430309625366D-03 -0.430309625366D-03 D2INV=      1.0000 SUGGEST=       1.0000                   
  0.241820928141D+00  0.241820928141D+00 -0.477078557450D+00 D2INV=      1.0000 SUGGEST=       1.0000                   
 -0.110011346859D+01 -0.110011346859D+01 -0.110011346859D+01 D2INV=      1.0000 SUGGEST=       1.0000                   
 -0.110046556048D+01  0.110039884251D+01  0.110039884251D+01 D2INV=      1.0000 SUGGEST=       1.0000                   
           6
         1.0000000000        0.0000000000        0.0000000000
         0.0000000000        1.0000000000        0.0000000000
         0.0000000000        0.0000000000        1.0000000000
  
         0.0000000000        1.0000000000        0.0000000000
         0.0000000000        0.0000000000        1.0000000000
         1.0000000000        0.0000000000        0.0000000000
  
         0.0000000000        0.0000000000        1.0000000000
         1.0000000000        0.0000000000        0.0000000000
         0.0000000000        1.0000000000        0.0000000000
  
         1.0000000000        0.0000000000        0.0000000000
         0.0000000000        0.0000000000        1.0000000000
         0.0000000000        1.0000000000        0.0000000000
  
         0.0000000000        0.0000000000        1.0000000000
         0.0000000000        1.0000000000        0.0000000000
         1.0000000000        0.0000000000        0.0000000000
  
         0.0000000000        1.0000000000        0.0000000000
         1.0000000000        0.0000000000        0.0000000000
         0.0000000000        0.0000000000        1.0000000000
  
