   18    0  -2757.604498390940
  0.401128397591D-02 -0.211757277750D-02 -0.307204682013D-03 D2INV=      1.0000 SUGGEST=       1.0000                   
  0.137867025925D+00 -0.280974902225D-02 -0.119253312364D-01 D2INV=      1.0000 SUGGEST=       1.0000                   
 -0.652892084548D-01  0.135340875279D+00 -0.429127944000D-01 D2INV=      1.0000 SUGGEST=       1.0000                   
 -0.391800242668D-01 -0.209572861579D-01  0.146382137666D+00 D2INV=      1.0000 SUGGEST=       1.0000                   
 -0.398318015130D-01 -0.106995074055D+00 -0.884769694866D-01 D2INV=      1.0000 SUGGEST=       1.0000                   
 -0.256750523611D+00 -0.676156764306D-01 -0.466455083061D+00 D2INV=      1.0000 SUGGEST=       1.0000                   
  0.359794463410D+00  0.265506919944D+00 -0.420374404055D+00 D2INV=      1.0000 SUGGEST=       1.0000                   
 -0.945952938833D-01  0.237082503606D-01  0.416332653004D+00 D2INV=      1.0000 SUGGEST=       1.0000                   
  0.223129125482D+00 -0.322840847011D+00 -0.294793569313D+00 D2INV=      1.0000 SUGGEST=       1.0000                   
 -0.130085749946D+00 -0.546556869177D+00  0.114195819755D+00 D2INV=      1.0000 SUGGEST=       1.0000                   
 -0.184097773653D+00  0.367187565554D+00 -0.533866699234D-01 D2INV=      1.0000 SUGGEST=       1.0000                   
  0.453038866910D+00 -0.212289646728D+00  0.217173602223D+00 D2INV=      1.0000 SUGGEST=       1.0000                   
 -0.600283309787D+00 -0.194472830413D-01  0.956338804808D-01 D2INV=      1.0000 SUGGEST=       1.0000                   
  0.266621779331D+00  0.444830603558D+00  0.287527979303D+00 D2INV=      1.0000 SUGGEST=       1.0000                   
 -0.100776481376D+01 -0.185792994763D+01 -0.384186572217D+00 D2INV=      1.0000 SUGGEST=       1.0000                   
  0.165263806499D+01 -0.314811342263D+00  0.130654141436D+01 D2INV=      1.0000 SUGGEST=       1.0000                   
 -0.161606841350D+01  0.138449543582D+01  0.691799677363D+00 D2INV=      1.0000 SUGGEST=       1.0000                   
  0.943305105450D+00  0.862216196465D+00 -0.148787300902D+01 D2INV=      1.0000 SUGGEST=       1.0000                   
           1
         1.0000000000        0.0000000000        0.0000000000
         0.0000000000        1.0000000000        0.0000000000
         0.0000000000        0.0000000000        1.0000000000
  
