18 18
       0.004011      -0.002118      -0.000307       0.004546
       0.147444      -0.003005      -0.012754       0.148025
      -0.061843       0.128197      -0.040648       0.148025
      -0.037912      -0.020279       0.141643       0.148025
      -0.040821      -0.109651      -0.090673       0.148025
      -0.255286      -0.067230      -0.463795       0.533664
       0.312858       0.230870      -0.365535       0.533663
      -0.118059       0.029589       0.519599       0.533664
       0.242600      -0.351013      -0.320518       0.533663
      -0.121089      -0.508758       0.106298       0.533664
      -0.237190       0.473082      -0.068783       0.533663
       0.443279      -0.207716       0.212495       0.533663
      -0.526748      -0.017065       0.083919       0.533664
       0.239948       0.400329       0.258763       0.533664
      -0.994197      -1.832917      -0.379014       2.119355
       1.644293      -0.313222       1.299944       2.119354
      -1.530631       1.311301       0.655226       2.119355
       1.019282       0.931662      -1.607711       2.119355
      -0.004011       0.002118       0.000307      -0.004546
      -0.147444       0.003005       0.012754      -0.148025
       0.061843      -0.128197       0.040648      -0.148025
       0.037912       0.020279      -0.141643      -0.148025
       0.040821       0.109651       0.090673      -0.148025
       0.255286       0.067230       0.463795      -0.533664
      -0.312858      -0.230870       0.365535      -0.533663
       0.118059      -0.029589      -0.519599      -0.533664
      -0.242600       0.351013       0.320518      -0.533663
       0.121089       0.508758      -0.106298      -0.533664
       0.237190      -0.473082       0.068783      -0.533663
      -0.443279       0.207716      -0.212495      -0.533663
       0.526748       0.017065      -0.083919      -0.533664
      -0.239948      -0.400329      -0.258763      -0.533664
       0.994197       1.832917       0.379014      -2.119355
      -1.644293       0.313222      -1.299944      -2.119354
       1.530631      -1.311301      -0.655226      -2.119355
      -1.019282      -0.931662       1.607711      -2.119355
