   1          TOTAL NUMBER OF ATOM TYPES
  36  36      ELECTRONIC AND NUCLEAR CHARGE
ALL           ALL-ELECTRON ATOM TYPE
   1          NUMBER OF ATOMS OF TYPE KRY
ALL-KRY001
EXTRABASIS    CONTROLS USAGE OF SUPPLEMENTARY BASIS FUNCTIONS
  21          NUMBER OF BARE GAUSSIANS
   7   6   4  NUMBER OF S,P,D FUNCTIONS
   0   0   1  SUPPLEMENTARY S,P,D FUNCTIONS
       0.84147112D+07       0.13072015D+07       0.30575966D+06
       0.88188495D+05       0.29152676D+05       0.10634406D+05
       0.41842218D+04       0.17489728D+04       0.76819610D+03
       0.35163002D+03       0.16668554D+03       0.80944333D+02
       0.40162399D+02       0.20285133D+02       0.10258687D+02
       0.50938089D+01       0.25023345D+01       0.12013521D+01
       0.54079069D+00       0.22708544D+00       0.89091420D-01

       0.93899282D+00       0.17063615D+01       0.29301959D+01
       0.47712469D+01       0.74325655D+01       0.11089124D+02
       0.15677001D+02       0.20367899D+02       0.22840115D+02
       0.19518538D+02       0.10126072D+02       0.21158724D+01
       0.63953626D-01       0.67329377D-02      -0.25539835D-02
       0.90356115D-03      -0.30196731D-03       0.88959104D-04
      -0.21506237D-04       0.41647016D-05      -0.50483301D-06

      -0.29438579D+00      -0.53500390D+00      -0.91909069D+00
      -0.14982772D+01      -0.23420526D+01      -0.35249535D+01
      -0.50906805D+01      -0.69399171D+01      -0.86257753D+01
      -0.90343437D+01      -0.66065884D+01      -0.10035782D+01
       0.40795226D+01       0.38435477D+01       0.96966825D+00
       0.30585722D-01       0.22051159D-02      -0.70810057D-03
       0.17596097D-03      -0.34550809D-04       0.42227426D-05

       0.11848804D+00       0.21536049D+00       0.36993112D+00
       0.60326755D+00       0.94317428D+00       0.14216026D+01
       0.20578941D+01       0.28243759D+01       0.35562832D+01
       0.38338108D+01       0.29575463D+01       0.48849954D+00
      -0.25318422D+01      -0.32968136D+01      -0.76771161D+00
       0.12471825D+01       0.91647917D+00       0.13189569D+00
       0.34759809D-03       0.13351904D-03      -0.14157705D-04

      -0.40978146D-01      -0.74476833D-01      -0.12794204D+00
      -0.20862542D+00      -0.32623772D+00      -0.49172715D+00
      -0.71224770D+00      -0.97821174D+00      -0.12345739D+01
      -0.13360105D+01      -0.10399741D+01      -0.17396702D+00
       0.93402555D+00       0.12853618D+01       0.32332770D+00
      -0.64707783D+00      -0.72197108D+00      -0.81488704D-01
       0.29399326D+00       0.13274750D+00       0.74451363D-02

       0.00000000D+00       0.00000000D+00       0.00000000D+00
       0.00000000D+00       0.00000000D+00       0.00000000D+00
       0.00000000D+00       0.00000000D+00       0.00000000D+00
       0.00000000D+00       0.00000000D+00       0.00000000D+00
       0.00000000D+00       0.00000000D+00       0.00000000D+00
       0.00000000D+00       0.00000000D+00       0.00000000D+00
       0.10000000D+01       0.00000000D+00       0.00000000D+00

       0.00000000D+00       0.00000000D+00       0.00000000D+00
       0.00000000D+00       0.00000000D+00       0.00000000D+00
       0.00000000D+00       0.00000000D+00       0.00000000D+00
       0.00000000D+00       0.00000000D+00       0.00000000D+00
       0.00000000D+00       0.00000000D+00       0.00000000D+00
       0.00000000D+00       0.00000000D+00       0.00000000D+00
       0.00000000D+00       0.10000000D+01       0.00000000D+00

       0.00000000D+00       0.00000000D+00       0.00000000D+00
       0.00000000D+00       0.00000000D+00       0.00000000D+00
       0.00000000D+00       0.00000000D+00       0.00000000D+00
       0.00000000D+00       0.00000000D+00       0.00000000D+00
       0.00000000D+00       0.00000000D+00       0.00000000D+00
       0.00000000D+00       0.00000000D+00       0.00000000D+00
       0.00000000D+00       0.00000000D+00       0.10000000D+01

       0.14316210D+01       0.25398021D+01       0.44343708D+01
       0.71517171D+01       0.11296762D+02       0.16986249D+02
       0.24976418D+02       0.34913496D+02       0.46569796D+02
       0.56449133D+02       0.60202349D+02       0.51184099D+02
       0.30246173D+02       0.10148665D+02       0.13443526D+01
       0.29561237D-01       0.93454778D-03      -0.20722018D-03
       0.35255343D-04      -0.47280261D-05       0.40705727D-06

      -0.59183393D+00      -0.10215583D+01      -0.18205221D+01
      -0.28936340D+01      -0.46217165D+01      -0.68988253D+01
      -0.10224549D+02      -0.14281955D+02      -0.19289414D+02
      -0.23718619D+02      -0.26219237D+02      -0.23458882D+02
      -0.14762948D+02      -0.36863682D+01       0.29143345D+01
       0.29391858D+01       0.10106810D+01       0.10922367D+00
       0.10339624D-02       0.38411648D-04      -0.36060312D-05

       0.16912208D+00       0.30035829D+00       0.52401299D+00
       0.84570239D+00       0.13357231D+01       0.20107579D+01
       0.29617558D+01       0.41599590D+01       0.56019191D+01
       0.69276780D+01       0.76664811D+01       0.69319876D+01
       0.43828736D+01       0.10463107D+01      -0.10973358D+01
      -0.11446322D+01      -0.42560551D+00       0.10912208D+00
       0.16877097D+00       0.60443645D-01       0.69123329D-02

       0.00000000D+00       0.00000000D+00       0.00000000D+00
       0.00000000D+00       0.00000000D+00       0.00000000D+00
       0.00000000D+00       0.00000000D+00       0.00000000D+00
       0.00000000D+00       0.00000000D+00       0.00000000D+00
       0.00000000D+00       0.00000000D+00       0.00000000D+00
       0.00000000D+00       0.00000000D+00       0.00000000D+00
       0.10000000D+01       0.00000000D+00       0.00000000D+00

       0.00000000D+00       0.00000000D+00       0.00000000D+00
       0.00000000D+00       0.00000000D+00       0.00000000D+00
       0.00000000D+00       0.00000000D+00       0.00000000D+00
       0.00000000D+00       0.00000000D+00       0.00000000D+00
       0.00000000D+00       0.00000000D+00       0.00000000D+00
       0.00000000D+00       0.00000000D+00       0.00000000D+00
       0.00000000D+00       0.10000000D+01       0.00000000D+00

       0.00000000D+00       0.00000000D+00       0.00000000D+00
       0.00000000D+00       0.00000000D+00       0.00000000D+00
       0.00000000D+00       0.00000000D+00       0.00000000D+00
       0.00000000D+00       0.00000000D+00       0.00000000D+00
       0.00000000D+00       0.00000000D+00       0.00000000D+00
       0.00000000D+00       0.00000000D+00       0.00000000D+00
       0.00000000D+00       0.00000000D+00       0.10000000D+01

      -0.42921687D+01       0.44003574D+01      -0.38392504D+00
       0.45723060D+01       0.36547835D+01       0.79863402D+01
       0.10023148D+02       0.15496217D+02       0.20341239D+02
       0.26861539D+02       0.31792592D+02       0.34219201D+02
       0.30402117D+02       0.22140044D+02       0.11836639D+02
       0.42923267D+01       0.10253835D+01       0.13550199D+00
       0.55790355D-02      -0.67305704D-05       0.13184868D-05

       0.00000000D+00       0.00000000D+00       0.00000000D+00
       0.00000000D+00       0.00000000D+00       0.00000000D+00
       0.00000000D+00       0.00000000D+00       0.00000000D+00
       0.00000000D+00       0.00000000D+00       0.00000000D+00
       0.00000000D+00       0.00000000D+00       0.00000000D+00
       0.00000000D+00       0.00000000D+00       0.10000000D+01
       0.00000000D+00       0.00000000D+00       0.00000000D+00

       0.00000000D+00       0.00000000D+00       0.00000000D+00
       0.00000000D+00       0.00000000D+00       0.00000000D+00
       0.00000000D+00       0.00000000D+00       0.00000000D+00
       0.00000000D+00       0.00000000D+00       0.00000000D+00
       0.00000000D+00       0.00000000D+00       0.00000000D+00
       0.00000000D+00       0.00000000D+00       0.00000000D+00
       0.10000000D+01       0.00000000D+00       0.00000000D+00

       0.00000000D+00       0.00000000D+00       0.00000000D+00
       0.00000000D+00       0.00000000D+00       0.00000000D+00
       0.00000000D+00       0.00000000D+00       0.00000000D+00
       0.00000000D+00       0.00000000D+00       0.00000000D+00
       0.00000000D+00       0.00000000D+00       0.00000000D+00
       0.00000000D+00       0.00000000D+00       0.00000000D+00
       0.00000000D+00       0.10000000D+01       0.00000000D+00

       0.00000000D+00       0.00000000D+00       0.00000000D+00
       0.00000000D+00       0.00000000D+00       0.00000000D+00
       0.00000000D+00       0.00000000D+00       0.00000000D+00
       0.00000000D+00       0.00000000D+00       0.00000000D+00
       0.00000000D+00       0.00000000D+00       0.00000000D+00
       0.00000000D+00       0.00000000D+00       0.00000000D+00
       0.00000000D+00       0.00000000D+00       0.10000000D+01

ELECTRONS
WFOUT
