   18    0  -2757.597947035188
        0.00238   -0.00349   -0.00598                                                                                   
        0.13706   -0.00497   -0.01439                                                                                   
       -0.06721    0.13431   -0.04736                                                                                   
       -0.04133   -0.02302    0.14113                                                                                   
       -0.03974   -0.10832   -0.09118                                                                                   
       -0.25707   -0.06758   -0.46658                                                                                   
        0.35968    0.26565   -0.42101                                                                                   
       -0.09446    0.02323    0.41546                                                                                   
        0.22310   -0.32285   -0.29507                                                                                   
       -0.13018   -0.54685    0.11383                                                                                   
       -0.18389    0.36709   -0.05419                                                                                   
        0.45324   -0.21246    0.21659                                                                                   
       -0.60046   -0.01947    0.09536                                                                                   
        0.26681    0.44472    0.28713                                                                                   
       -1.00776   -1.85794   -0.38418                                                                                   
        1.65262   -0.31481    1.30654                                                                                   
       -1.61605    1.38449    0.69179                                                                                   
        0.94331    0.86224   -1.48789                                                                                   
           1
         1.0000000000        0.0000000000        0.0000000000
         0.0000000000        1.0000000000        0.0000000000
         0.0000000000        0.0000000000        1.0000000000
  
