   18    0  -2757.606042097161
  0.191824791035D-02 -0.232377319997D-02 -0.209305745935D-02 D2INV=      1.0000 SUGGEST=       1.0000                   
  0.136950104785D+00 -0.942775338458D-02 -0.286616314662D-01 D2INV=      1.0000 SUGGEST=       1.0000                   
 -0.625637721815D-01  0.136366981650D+00 -0.412996661659D-01 D2INV=      1.0000 SUGGEST=       1.0000                   
 -0.276819134919D-01 -0.140048637918D-01  0.151799184345D+00 D2INV=      1.0000 SUGGEST=       1.0000                   
 -0.517600210990D-01 -0.106677095010D+00 -0.760468558553D-01 D2INV=      1.0000 SUGGEST=       1.0000                   
 -0.246111349149D+00 -0.633257161195D-01 -0.471071081243D+00 D2INV=      1.0000 SUGGEST=       1.0000                   
  0.350991011669D+00  0.263216115233D+00 -0.399368476400D+00 D2INV=      1.0000 SUGGEST=       1.0000                   
 -0.958443167150D-01  0.272122614920D-01  0.410282379795D+00 D2INV=      1.0000 SUGGEST=       1.0000                   
  0.228664230059D+00 -0.324945896678D+00 -0.292352877085D+00 D2INV=      1.0000 SUGGEST=       1.0000                   
 -0.125692791471D+00 -0.535676012424D+00  0.119749032099D+00 D2INV=      1.0000 SUGGEST=       1.0000                   
 -0.188414283800D+00  0.370129643773D+00 -0.451738938009D-01 D2INV=      1.0000 SUGGEST=       1.0000                   
  0.451011371355D+00 -0.208132158618D+00  0.229200853903D+00 D2INV=      1.0000 SUGGEST=       1.0000                   
 -0.593794779322D+00 -0.217419345434D-01  0.106096098328D+00 D2INV=      1.0000 SUGGEST=       1.0000                   
  0.276246164082D+00  0.446821079739D+00  0.288947434213D+00 D2INV=      1.0000 SUGGEST=       1.0000                   
 -0.100802664960D+01 -0.185741649452D+01 -0.384676031237D+00 D2INV=      1.0000 SUGGEST=       1.0000                   
  0.165364312210D+01 -0.314832096414D+00  0.130658626720D+01 D2INV=      1.0000 SUGGEST=       1.0000                   
 -0.161719059597D+01  0.138493753048D+01  0.692361103158D+00 D2INV=      1.0000 SUGGEST=       1.0000                   
  0.943340168789D+00  0.861261797454D+00 -0.148753139913D+01 D2INV=      1.0000 SUGGEST=       1.0000                   
           1
         1.0000000000        0.0000000000        0.0000000000
         0.0000000000        1.0000000000        0.0000000000
         0.0000000000        0.0000000000        1.0000000000
  
