    1    0                      
  0.000000000000D+00  0.000000000000D+00  0.000000000000D+00 D2INV=      1.0000 SUGGEST=       1.0000                   
          24
         1.0000000000        0.0000000000        0.0000000000
         0.0000000000        1.0000000000        0.0000000000
         0.0000000000        0.0000000000        1.0000000000
  
         0.0000000000        1.0000000000        0.0000000000
         1.0000000000        0.0000000000        0.0000000000
         0.0000000000        0.0000000000        1.0000000000
  
         0.0000000000        0.0000000000        1.0000000000
         1.0000000000        0.0000000000        0.0000000000
         0.0000000000        1.0000000000        0.0000000000
  
         1.0000000000        0.0000000000        0.0000000000
         0.0000000000       -1.0000000000        0.0000000000
         0.0000000000        0.0000000000       -1.0000000000
  
         0.0000000000        0.0000000000        1.0000000000
         0.0000000000        1.0000000000        0.0000000000
         1.0000000000        0.0000000000        0.0000000000
  
         0.0000000000        1.0000000000        0.0000000000
        -1.0000000000        0.0000000000        0.0000000000
         0.0000000000        0.0000000000       -1.0000000000
  
         1.0000000000        0.0000000000        0.0000000000
         0.0000000000        0.0000000000        1.0000000000
         0.0000000000        1.0000000000        0.0000000000
  
         0.0000000000        1.0000000000        0.0000000000
         0.0000000000        0.0000000000        1.0000000000
         1.0000000000        0.0000000000        0.0000000000
  
         0.0000000000        0.0000000000        1.0000000000
        -1.0000000000        0.0000000000        0.0000000000
         0.0000000000       -1.0000000000        0.0000000000
  
         0.0000000000       -1.0000000000        0.0000000000
         1.0000000000        0.0000000000        0.0000000000
         0.0000000000        0.0000000000       -1.0000000000
  
         0.0000000000        0.0000000000       -1.0000000000
         1.0000000000        0.0000000000        0.0000000000
         0.0000000000       -1.0000000000        0.0000000000
  
         0.0000000000        0.0000000000        1.0000000000
         0.0000000000       -1.0000000000        0.0000000000
        -1.0000000000        0.0000000000        0.0000000000
  
        -1.0000000000        0.0000000000        0.0000000000
         0.0000000000        1.0000000000        0.0000000000
         0.0000000000        0.0000000000       -1.0000000000
  
         0.0000000000        0.0000000000       -1.0000000000
         0.0000000000        1.0000000000        0.0000000000
        -1.0000000000        0.0000000000        0.0000000000
  
         1.0000000000        0.0000000000        0.0000000000
         0.0000000000        0.0000000000       -1.0000000000
         0.0000000000       -1.0000000000        0.0000000000
  
         0.0000000000        1.0000000000        0.0000000000
         0.0000000000        0.0000000000       -1.0000000000
        -1.0000000000        0.0000000000        0.0000000000
  
        -1.0000000000        0.0000000000        0.0000000000
         0.0000000000        0.0000000000        1.0000000000
         0.0000000000       -1.0000000000        0.0000000000
  
         0.0000000000       -1.0000000000        0.0000000000
         0.0000000000        0.0000000000        1.0000000000
        -1.0000000000        0.0000000000        0.0000000000
  
         0.0000000000        0.0000000000       -1.0000000000
         0.0000000000       -1.0000000000        0.0000000000
         1.0000000000        0.0000000000        0.0000000000
  
         0.0000000000       -1.0000000000        0.0000000000
        -1.0000000000        0.0000000000        0.0000000000
         0.0000000000        0.0000000000        1.0000000000
  
         0.0000000000       -1.0000000000        0.0000000000
         0.0000000000        0.0000000000       -1.0000000000
         1.0000000000        0.0000000000        0.0000000000
  
         0.0000000000        0.0000000000       -1.0000000000
        -1.0000000000        0.0000000000        0.0000000000
         0.0000000000        1.0000000000        0.0000000000
  
        -1.0000000000        0.0000000000        0.0000000000
         0.0000000000       -1.0000000000        0.0000000000
         0.0000000000        0.0000000000        1.0000000000
  
        -1.0000000000        0.0000000000        0.0000000000
         0.0000000000        0.0000000000       -1.0000000000
         0.0000000000        1.0000000000        0.0000000000
  
