   2          TOTAL NUMBER OF ATOM TYPES
   1   1      ELECTRONIC AND NUCLEAR CHARGE
ALL           ALL-ELECTRON ATOM TYPE
   1          NUMBER OF ATOMS OF TYPE HYD
ALL-HYD001
EXTRABASIS    CONTROLS USAGE OF SUPPLEMENTARY BASIS FUNCTIONS
   6          NUMBER OF BARE GAUSSIANS
   4   3   1  NUMBER OF S,P,D FUNCTIONS
   0   1   1  SUPPLEMENTARY S,P,D FUNCTIONS
       0.77840802D+02       0.11534417D+02       0.26138581D+01
       0.73216633D+00       0.22838190D+00       0.74506970D-01

       0.37656770D-01       0.70363226D-01       0.11314554D+00
       0.13939351D+00       0.10916358D+00       0.35856994D-01

       0.00000000D+00       0.00000000D+00       0.00000000D+00
       0.10000000D+01       0.00000000D+00       0.00000000D+00

       0.00000000D+00       0.00000000D+00       0.00000000D+00
       0.00000000D+00       0.10000000D+01       0.00000000D+00

       0.00000000D+00       0.00000000D+00       0.00000000D+00
       0.00000000D+00       0.00000000D+00       0.10000000D+01

       0.00000000D+00       0.00000000D+00       0.10000000D+01
       0.00000000D+00       0.00000000D+00       0.00000000D+00

       0.00000000D+00       0.00000000D+00       0.00000000D+00
       0.10000000D+01       0.00000000D+00       0.00000000D+00

       0.00000000D+00       0.00000000D+00       0.00000000D+00
       0.00000000D+00       0.10000000D+01       0.00000000D+00

       0.00000000D+00       0.00000000D+00       0.00000000D+00
       0.00000000D+00       0.00000000D+00       0.10000000D+01

       0.00000000D+00       0.00000000D+00       0.00000000D+00
       0.10000000D+01       0.00000000D+00       0.00000000D+00

       0.00000000D+00       0.00000000D+00       0.00000000D+00
       0.00000000D+00       0.10000000D+01       0.00000000D+00

  17  17      ELECTRONIC AND NUCLEAR CHARGE
ALL           ALL-ELECTRON ATOM TYPE
   1          NUMBER OF ATOMS OF TYPE CHL
ALL-CHL001
EXTRABASIS    CONTROLS USAGE OF SUPPLEMENTARY BASIS FUNCTIONS
  17          NUMBER OF BARE GAUSSIANS
   6   5   3  NUMBER OF S,P,D FUNCTIONS
   0   0   1  SUPPLEMENTARY S,P,D FUNCTIONS
       0.76480249D+06       0.11564524D+06       0.26504169D+05
       0.75461651D+04       0.24718940D+04       0.89553343D+03
       0.35020181D+03       0.14528124D+03       0.63111074D+02
       0.28421869D+02       0.12959526D+02       0.59387780D+01
       0.27235973D+01       0.12172374D+01       0.53805556D+00
       0.22181005D+00       0.85490840D-01

       0.47324367D+00       0.88038161D+00       0.15189228D+01
       0.24723090D+01       0.38137623D+01       0.55112424D+01
       0.71696154D+01       0.77608702D+01       0.59338258D+01
       0.23711489D+01       0.27688540D+00      -0.60869123D-04
       0.45112262D-03      -0.74194907D-04       0.12447935D-04
      -0.18367343D-05       0.19263622D-06

      -0.13182424D+00      -0.24513725D+00      -0.42369098D+00
      -0.69079058D+00      -0.10760759D+01      -0.15855949D+01
      -0.21769497D+01      -0.26350800D+01      -0.25633227D+01
      -0.14836481D+01       0.24128304D+00       0.12611052D+01
       0.77439130D+00       0.10319511D+00      -0.10804733D-02
       0.29543660D-03      -0.32865702D-04

       0.43053946D-01       0.80170242D-01       0.13830857D+00
       0.22613892D+00       0.35138988D+00       0.52091431D+00
       0.71497339D+00       0.88087544D+00       0.86874947D+00
       0.53858146D+00      -0.10405184D+00      -0.59932994D+00
      -0.56876595D+00      -0.17263839D-01       0.27177026D+00
       0.12153598D+00       0.74565142D-02

       0.00000000D+00       0.00000000D+00       0.00000000D+00
       0.00000000D+00       0.00000000D+00       0.00000000D+00
       0.00000000D+00       0.00000000D+00       0.00000000D+00
       0.00000000D+00       0.00000000D+00       0.00000000D+00
       0.00000000D+00       0.00000000D+00       0.10000000D+01
       0.00000000D+00       0.00000000D+00

       0.00000000D+00       0.00000000D+00       0.00000000D+00
       0.00000000D+00       0.00000000D+00       0.00000000D+00
       0.00000000D+00       0.00000000D+00       0.00000000D+00
       0.00000000D+00       0.00000000D+00       0.00000000D+00
       0.00000000D+00       0.00000000D+00       0.00000000D+00
       0.10000000D+01       0.00000000D+00

       0.00000000D+00       0.00000000D+00       0.00000000D+00
       0.00000000D+00       0.00000000D+00       0.00000000D+00
       0.00000000D+00       0.00000000D+00       0.00000000D+00
       0.00000000D+00       0.00000000D+00       0.00000000D+00
       0.00000000D+00       0.00000000D+00       0.00000000D+00
       0.00000000D+00       0.10000000D+01

       0.25939523D+00       0.51573340D+00       0.84897337D+00
       0.14384724D+01       0.21930255D+01       0.33532370D+01
       0.46804460D+01       0.62706991D+01       0.72874654D+01
       0.73675797D+01       0.56131923D+01       0.28899371D+01
       0.80637825D+00       0.74447135D-01      -0.61455320D-04
       0.96719629D-04      -0.82657567D-05

      -0.76887453D-01      -0.14378545D+00      -0.24743406D+00
      -0.40599956D+00      -0.63400566D+00      -0.95335520D+00
      -0.13528423D+01      -0.18027198D+01      -0.21427636D+01
      -0.21975557D+01      -0.17615298D+01      -0.94275013D+00
      -0.20572926D+00       0.17623141D+00       0.16069833D+00
       0.53860564D-01       0.60838410D-02

       0.00000000D+00       0.00000000D+00       0.00000000D+00
       0.00000000D+00       0.00000000D+00       0.00000000D+00
       0.00000000D+00       0.00000000D+00       0.00000000D+00
       0.00000000D+00       0.00000000D+00       0.00000000D+00
       0.00000000D+00       0.00000000D+00       0.10000000D+01
       0.00000000D+00       0.00000000D+00

       0.00000000D+00       0.00000000D+00       0.00000000D+00
       0.00000000D+00       0.00000000D+00       0.00000000D+00
       0.00000000D+00       0.00000000D+00       0.00000000D+00
       0.00000000D+00       0.00000000D+00       0.00000000D+00
       0.00000000D+00       0.00000000D+00       0.00000000D+00
       0.10000000D+01       0.00000000D+00

       0.00000000D+00       0.00000000D+00       0.00000000D+00
       0.00000000D+00       0.00000000D+00       0.00000000D+00
       0.00000000D+00       0.00000000D+00       0.00000000D+00
       0.00000000D+00       0.00000000D+00       0.00000000D+00
       0.00000000D+00       0.00000000D+00       0.00000000D+00
       0.00000000D+00       0.10000000D+01

       0.00000000D+00       0.00000000D+00       0.00000000D+00
       0.00000000D+00       0.00000000D+00       0.00000000D+00
       0.00000000D+00       0.00000000D+00       0.00000000D+00
       0.00000000D+00       0.00000000D+00       0.00000000D+00
       0.00000000D+00       0.10000000D+01       0.00000000D+00
       0.00000000D+00       0.00000000D+00

       0.00000000D+00       0.00000000D+00       0.00000000D+00
       0.00000000D+00       0.00000000D+00       0.00000000D+00
       0.00000000D+00       0.00000000D+00       0.00000000D+00
       0.00000000D+00       0.00000000D+00       0.00000000D+00
       0.00000000D+00       0.00000000D+00       0.10000000D+01
       0.00000000D+00       0.00000000D+00

       0.00000000D+00       0.00000000D+00       0.00000000D+00
       0.00000000D+00       0.00000000D+00       0.00000000D+00
       0.00000000D+00       0.00000000D+00       0.00000000D+00
       0.00000000D+00       0.00000000D+00       0.00000000D+00
       0.00000000D+00       0.00000000D+00       0.00000000D+00
       0.10000000D+01       0.00000000D+00

       0.00000000D+00       0.00000000D+00       0.00000000D+00
       0.00000000D+00       0.00000000D+00       0.00000000D+00
       0.00000000D+00       0.00000000D+00       0.00000000D+00
       0.00000000D+00       0.00000000D+00       0.00000000D+00
       0.00000000D+00       0.00000000D+00       0.00000000D+00
       0.00000000D+00       0.10000000D+01

ELECTRONS
WFOUT
