    9    9                      
  0.000000000000D+00  0.000000000000D+00 -0.385149479835D-02 D2INV=      1.0000 SUGGEST=       1.0000                   
  0.000000000000D+00  0.000000000000D+00  0.500684105763D+00 D2INV=      1.0000 SUGGEST=       1.0000                   
  0.332355772771D+00  0.381958774867D+00  0.212660977932D+00 D2INV=      1.0000 SUGGEST=       1.0000                   
  0.000000000000D+00  0.288391437508D+00 -0.305785186502D+00 D2INV=      1.0000 SUGGEST=       1.0000                   
  0.508550948783D+00  0.000000000000D+00 -0.329790043036D+00 D2INV=      1.0000 SUGGEST=       1.0000                   
 -0.108863202710D+00  0.000000000000D+00 -0.888901934345D-01 D2INV=      1.0000 SUGGEST=       1.0000                   
  0.000000000000D+00 -0.123430652596D+00  0.938876647597D-01 D2INV=      1.0000 SUGGEST=       1.0000                   
  0.173214746544D+01  0.000000000000D+00  0.156102200435D+01 D2INV=      1.0000 SUGGEST=       1.0000                   
  0.000000000000D+00  0.198153358316D+01 -0.165005616712D+01 D2INV=      1.0000 SUGGEST=       1.0000                   
  0.000000000000D+00  0.000000000000D+00  0.385149479835D-02 D2INV=      1.0000 SUGGEST=       1.0000                   
  0.000000000000D+00  0.000000000000D+00 -0.500684105763D+00 D2INV=      1.0000 SUGGEST=       1.0000                   
 -0.332355772771D+00 -0.381958774867D+00 -0.212660977932D+00 D2INV=      1.0000 SUGGEST=       1.0000                   
  0.000000000000D+00 -0.288391437508D+00  0.305785186502D+00 D2INV=      1.0000 SUGGEST=       1.0000                   
 -0.508550948783D+00  0.000000000000D+00  0.329790043036D+00 D2INV=      1.0000 SUGGEST=       1.0000                   
  0.108863202710D+00  0.000000000000D+00  0.888901934345D-01 D2INV=      1.0000 SUGGEST=       1.0000                   
  0.000000000000D+00  0.123430652596D+00 -0.938876647597D-01 D2INV=      1.0000 SUGGEST=       1.0000                   
 -0.173214746544D+01  0.000000000000D+00 -0.156102200435D+01 D2INV=      1.0000 SUGGEST=       1.0000                   
  0.000000000000D+00 -0.198153358316D+01  0.165005616712D+01 D2INV=      1.0000 SUGGEST=       1.0000                   

           4
         1.0000000000        0.0000000000        0.0000000000
         0.0000000000        1.0000000000        0.0000000000
         0.0000000000        0.0000000000        1.0000000000
  
        -1.0000000000        0.0000000000        0.0000000000
         0.0000000000       -1.0000000000        0.0000000000
         0.0000000000        0.0000000000        1.0000000000
  
         1.0000000000        0.0000000000        0.0000000000
         0.0000000000       -1.0000000000        0.0000000000
         0.0000000000        0.0000000000        1.0000000000
  
        -1.0000000000        0.0000000000        0.0000000000
         0.0000000000        1.0000000000        0.0000000000
         0.0000000000        0.0000000000        1.0000000000
  
