NORM ... CHOICES ARE NORM, OCCU OR FIXM                                         
   39    1    1    1                                    # of occupied states for spin,rep,dim
   1.000       1.000       1.000       1.000       1.000       1.000       1.000       1.000    
   1.000       1.000       1.000       1.000       1.000       1.000       1.000       1.000    
   1.000       1.000       1.000       1.000       1.000       1.000       1.000       1.000    
   1.000       1.000       1.000       1.000       1.000       1.000       1.000       1.000    
   1.000       1.000       1.000       1.000       1.000       1.000       1.000                 
   36    2    1    1                                    # of occupied states for spin,rep,dim
   1.000       1.000       1.000       1.000       1.000       1.000       1.000       1.000    
   1.000       1.000       1.000       1.000       1.000       1.000       1.000       1.000    
   1.000       1.000       1.000       1.000       1.000       1.000       1.000       1.000    
   1.000       1.000       1.000       1.000       1.000       1.000       1.000       1.000    
   1.000       1.000       1.000       1.000                             
