    38   36       13   12
         0.1298649005        0.1298649005        0.1298649005    1   2
        -0.1480048148       -0.1480048148        0.1447266458    3   3  14  15
         0.9812858739        0.0696820076        0.0696820076    3   4  16  17
        -0.8293905011        0.0674231991        0.0674231991    3   5  18  19
        -0.6268070251       -0.6268070251       -0.6268070251    1   6
         1.6790264902        1.6790264902       -3.1911870934    3   7  20  21
         1.5586378105        1.5586378105       -2.7804846880    3   8  22  23
         1.3890860987        1.3890860987       -3.3572998167    3   9  24  25
         1.7011634382        2.0957232463       -3.2945477912    6  10  26  27  28  29  30
         1.5758905057        1.5758905057       -1.8427360360    3  11  31  32
         0.7441051861        0.7441051861       -2.7896539000    3  12  33  34
         1.4641947338        2.7532799364       -4.1719329849    6  13  35  36  37  38  39
         0.1447266458       -0.1480048148       -0.1480048148
        -0.1480048148        0.1447266458       -0.1480048148
         0.0696820076        0.9812858739        0.0696820076
         0.0696820076        0.0696820076        0.9812858739
         0.0674231991       -0.8293905011        0.0674231991
         0.0674231991        0.0674231991       -0.8293905011
        -3.1911870934        1.6790264902        1.6790264902
         1.6790264902       -3.1911870934        1.6790264902
        -2.7804846880        1.5586378105        1.5586378105
         1.5586378105       -2.7804846880        1.5586378105
        -3.3572998167        1.3890860987        1.3890860987
         1.3890860987       -3.3572998167        1.3890860987
        -3.2945477912        1.7011634382        2.0957232463
         2.0957232463       -3.2945477912        1.7011634382
         1.7011634382       -3.2945477912        2.0957232463
        -3.2945477912        2.0957232463        1.7011634382
         2.0957232463        1.7011634382       -3.2945477912
        -1.8427360360        1.5758905057        1.5758905057
         1.5758905057       -1.8427360360        1.5758905057
        -2.7896539000        0.7441051861        0.7441051861
         0.7441051861       -2.7896539000        0.7441051861
        -4.1719329849        1.4641947338        2.7532799364
         2.7532799364       -4.1719329849        1.4641947338
         1.4641947338       -4.1719329849        2.7532799364
        -4.1719329849        2.7532799364        1.4641947338
         2.7532799364        1.4641947338       -4.1719329849
         0.0008515731        0.0008515731        0.0008515731    1   1
         0.1476000166        0.1476000166        0.1476000166    1   2
        -0.1467239711       -0.1467239711        0.1476737437    3   3  13  14
        -0.5755693915       -0.5755693915       -0.5755693915    1   4
         0.5431442942        0.5431442942       -0.4647617897    3   5  15  16
         1.6772377484        1.6772377484       -3.1864455918    3   6  17  18
         1.5720560311        1.5720560311       -2.8061652737    3   7  19  20
         1.3921758523        1.3921758523       -3.3473207880    3   8  21  22
         1.6992939694        2.0914096899       -3.3069579811    6   9  23  24  25  26  27
         1.5725672280        1.5725672280       -1.7822599687    3  10  28  29
         0.7324526184        0.7324526184       -2.6448670971    3  11  30  31
         1.3410964769        2.7564988238       -4.1712055036    6  12  32  33  34  35  36
         0.1476737437       -0.1467239711       -0.1467239711
        -0.1467239711        0.1476737437       -0.1467239711
        -0.4647617897        0.5431442942        0.5431442942
         0.5431442942       -0.4647617897        0.5431442942
        -3.1864455918        1.6772377484        1.6772377484
         1.6772377484       -3.1864455918        1.6772377484
        -2.8061652737        1.5720560311        1.5720560311
         1.5720560311       -2.8061652737        1.5720560311
        -3.3473207880        1.3921758523        1.3921758523
         1.3921758523       -3.3473207880        1.3921758523
        -3.3069579811        1.6992939694        2.0914096899
         2.0914096899       -3.3069579811        1.6992939694
         1.6992939694       -3.3069579811        2.0914096899
        -3.3069579811        2.0914096899        1.6992939694
         2.0914096899        1.6992939694       -3.3069579811
        -1.7822599687        1.5725672280        1.5725672280
         1.5725672280       -1.7822599687        1.5725672280
        -2.6448670971        0.7324526184        0.7324526184
         0.7324526184       -2.6448670971        0.7324526184
        -4.1712055036        1.3410964769        2.7564988238
         2.7564988238       -4.1712055036        1.3410964769
         1.3410964769       -4.1712055036        2.7564988238
        -4.1712055036        2.7564988238        1.3410964769
         2.7564988238        1.3410964769       -4.1712055036
  
         0.0037378828        0.0037378828        0.0037378828    1   1
  
