    2    0    -40.702118749549
  0.000000000000D+00  0.000000000000D+00  0.000000000000D+00 D2INV=      1.0000 SUGGEST=       1.0000                   
  0.983958093526D+00  0.983958093526D+00  0.983958093526D+00 D2INV=      1.0000 SUGGEST=       1.0000                   
 
***FRMGRP:
          24
         1.0000000000        0.0000000000        0.0000000000
         0.0000000000        1.0000000000        0.0000000000
         0.0000000000        0.0000000000        1.0000000000
  
         0.0000000000        1.0000000000        0.0000000000
         1.0000000000        0.0000000000        0.0000000000
         0.0000000000        0.0000000000        1.0000000000
  
         0.0000000000        0.0000000000        1.0000000000
         1.0000000000        0.0000000000        0.0000000000
         0.0000000000        1.0000000000        0.0000000000
  
         1.0000000000        0.0000000000        0.0000000000
         0.0000000000       -1.0000000000        0.0000000000
         0.0000000000        0.0000000000       -1.0000000000
  
         0.0000000000        0.0000000000        1.0000000000
         0.0000000000        1.0000000000        0.0000000000
         1.0000000000        0.0000000000        0.0000000000
  
         0.0000000000        1.0000000000        0.0000000000
        -1.0000000000        0.0000000000        0.0000000000
         0.0000000000        0.0000000000       -1.0000000000
  
         1.0000000000        0.0000000000        0.0000000000
         0.0000000000        0.0000000000        1.0000000000
         0.0000000000        1.0000000000        0.0000000000
  
         0.0000000000        1.0000000000        0.0000000000
         0.0000000000        0.0000000000        1.0000000000
         1.0000000000        0.0000000000        0.0000000000
  
         0.0000000000        0.0000000000        1.0000000000
        -1.0000000000        0.0000000000        0.0000000000
         0.0000000000       -1.0000000000        0.0000000000
  
         0.0000000000       -1.0000000000        0.0000000000
         1.0000000000        0.0000000000        0.0000000000
         0.0000000000        0.0000000000       -1.0000000000
  
         0.0000000000        0.0000000000       -1.0000000000
         1.0000000000        0.0000000000        0.0000000000
         0.0000000000       -1.0000000000        0.0000000000
  
         0.0000000000        0.0000000000        1.0000000000
         0.0000000000       -1.0000000000        0.0000000000
        -1.0000000000        0.0000000000        0.0000000000
  
        -1.0000000000        0.0000000000        0.0000000000
         0.0000000000        1.0000000000        0.0000000000
         0.0000000000        0.0000000000       -1.0000000000
  
         0.0000000000        0.0000000000       -1.0000000000
         0.0000000000        1.0000000000        0.0000000000
        -1.0000000000        0.0000000000        0.0000000000
  
         1.0000000000        0.0000000000        0.0000000000
         0.0000000000        0.0000000000       -1.0000000000
         0.0000000000       -1.0000000000        0.0000000000
  
         0.0000000000        1.0000000000        0.0000000000
         0.0000000000        0.0000000000       -1.0000000000
        -1.0000000000        0.0000000000        0.0000000000
  
        -1.0000000000        0.0000000000        0.0000000000
         0.0000000000        0.0000000000        1.0000000000
         0.0000000000       -1.0000000000        0.0000000000
  
         0.0000000000       -1.0000000000        0.0000000000
         0.0000000000        0.0000000000        1.0000000000
        -1.0000000000        0.0000000000        0.0000000000
  
         0.0000000000        0.0000000000       -1.0000000000
         0.0000000000       -1.0000000000        0.0000000000
         1.0000000000        0.0000000000        0.0000000000
  
         0.0000000000       -1.0000000000        0.0000000000
        -1.0000000000        0.0000000000        0.0000000000
         0.0000000000        0.0000000000        1.0000000000
  
         0.0000000000       -1.0000000000        0.0000000000
         0.0000000000        0.0000000000       -1.0000000000
         1.0000000000        0.0000000000        0.0000000000
  
         0.0000000000        0.0000000000       -1.0000000000
        -1.0000000000        0.0000000000        0.0000000000
         0.0000000000        1.0000000000        0.0000000000
  
        -1.0000000000        0.0000000000        0.0000000000
         0.0000000000       -1.0000000000        0.0000000000
         0.0000000000        0.0000000000        1.0000000000
  
        -1.0000000000        0.0000000000        0.0000000000
         0.0000000000        0.0000000000       -1.0000000000
         0.0000000000        1.0000000000        0.0000000000
  
***
 
***GRPMAT:
           1
     1.000000000000000        0.000000000000000        0.000000000000000    
     0.000000000000000        1.000000000000000        0.000000000000000    
     0.000000000000000        0.000000000000000        1.000000000000000    
  
***
 
***SYMBOL:
FOD_AND_GEO                                                                                         
LDA-PW91*LDA-PW91        (DF TYPE EXCHANGE*CORRELATION)                                             
OLDMESH                                                                                             
           1  NUMBER OF SYMBOLIC FILES
ISYMGEN = INPUT                                                                                     
           5  NUMBER OF NUCLEI
1.0  1 1 1                                                                                          
1.0  1 1 1                                                                                          
1.0  1 1 1                                                                                          
1.0  1 1 1                                                                                          
1.0  1 1 1                                                                                          
           7  BEST ENERGY
ALL-CAR001 =           -0.0000000037       -0.0000000037       -0.0000000037 UPO                    
ALL-HYD001 =            1.1605743114        1.1605743114        1.1605743114 UPO                    
ALL-HYD002 =           -1.1605743118       -1.1605743117        1.1605743089 UPO                    
ALL-HYD003 =            1.1605743089       -1.1605743117       -1.1605743117 UPO                    
ALL-HYD004 =           -1.1605743118        1.1605743089       -1.1605743117 UPO                    
ELECTRONS  =        5.000000        5.000000                                                        
EXTRABASIS = 0                                                                                      
 
***CLUSTER:
LDA-PW91*LDA-PW91        (DF TYPE EXCHANGE*CORRELATION) (DF TYPE EXCHANGE*CORRELATION)
GRP
    5 NUMBER OF INEQUIVALENT NUCLEI
        -0.0000000037       -0.0000000037       -0.0000000037  6 ALL UPO
         1.1605743114        1.1605743114        1.1605743114  1 ALL UPO
        -1.1605743118       -1.1605743117        1.1605743089  1 ALL UPO
         1.1605743089       -1.1605743117       -1.1605743117  1 ALL UPO
        -1.1605743118        1.1605743089       -1.1605743117  1 ALL UPO
   0.00000000       0.00000000      STILL NEED TO COMPLETE THIS RECORD
***
