 7 5                          
         0.0354142946        0.0354142946        0.0354142946    1   1
         0.1262275927        0.1262275927        0.1262275927    1   2
        -0.1456081729       -0.1456081729        0.0430995777    3   3  14  15
         0.9720783618        0.0635147550        0.0635147550    3   4  16  17
        -0.8432520491        0.0588083475        0.0588083475    3   5  18  19
        -0.6353599625       -0.6353599625       -0.6353599625    1   6
         1.6479198102        1.6479198102       -3.1651756652    3   7  20  21
        -0.0394572090       -0.0394572090       -0.0394572090    1   1
         0.1394509223        0.1394509223        0.1394509223    1   2
        -0.1313547661       -0.1313547661        0.0978098023    3   3  13  14
        -0.5728130818       -0.5728130818       -0.5728130818    1   4
         0.5016299643        0.5016299643       -0.4825417666    3   5  15  16

  
  
