   12   12  -1041.936886687083
       0.000       0.000       0.000       0.000                                                                        
       0.357      -0.158       0.330       0.512                                                                        
      -0.432       0.052      -0.258       0.505                                                                        
       0.032       0.324       0.387       0.505                                                                        
       0.044      -0.222      -0.440       0.495                                                                        
      -0.950       0.797       1.035       1.615                                                                        
       0.252      -0.249      -1.569       1.608                                                                        
      -0.236       0.237       1.556       1.591                                                                        
      -0.984      -0.859      -0.878       1.574                                                                        
       0.972       0.872       0.896       1.584                                                                        
       0.985      -0.813      -1.092       1.681                                                                        
       0.000      -9.000       0.000       9.754                                                                        
       0.000       9.000       0.000       8.827                                                                        
      -0.000      -0.000       0.000       0.003                                                                        
       0.383       0.291       0.070       0.490                                                                        
      -0.383       0.291      -0.070       0.484                                                                        
       0.390      -0.295      -0.015       0.492                                                                        
      -0.390      -0.295       0.015       0.488                                                                        
       0.000       1.839       0.000       1.839                                                                        
      -1.729      -0.005       0.000       1.738                                                                        
       1.729      -0.005       0.000       1.720                                                                        
       0.000      -1.795       0.000       1.795                                                                        
       1.734      -0.034       0.260       1.744                                                                        
      -1.734       0.024      -0.260       1.763                                                                        
 
***FRMGRP:
           1
         1.0000000000        0.0000000000        0.0000000000
         0.0000000000        1.0000000000        0.0000000000
         0.0000000000        0.0000000000        1.0000000000
  
***
 
***GRPMAT:
           1  Number of group elements
   1.0000000000000      0.0000000000000      0.0000000000000    
   0.0000000000000      1.0000000000000      0.0000000000000    
   0.0000000000000      0.0000000000000      1.0000000000000    
  
***
 
***SYMBOL:
SCF-ONLY                                                                                            
LDA-PW91*LDA-PW91                                                                                   
OLDMESH                                                                                             
           1  NUMBER OF SYMBOLIC FILES
ISYMGEN = INPUT                                                                                     
           3  NUMBER OF SYMBOLS
           1  NUMBER OF NUCLEI
1.0  1 1 1                                                                                          
           1  BEST ENERGY
ALL-CHR001 =        0.000000        0.000000        0.000000 UPO                                    
ELECTRONS  =       12.000000      -12.000000                                                        
EXTRABASIS = 0                                                                                      
 
***CLUSTER:
LDA-PW91*LDA-PW91 (DF TYPE EXCHANGE*CORRELATION)
GRP
    1 NUMBER OF INEQUIVALENT NUCLEI
     0.000000        0.000000        0.000000 24 ALL UPO
   0.00000000       0.00000000      STILL NEED TO COMPLETE THIS RECORD
***
 
 
