    12   12       12   12
         0.0000000000        0.0000000000        0.0000000000    1   1
         0.3570000000       -0.1580000000        0.3300000000    1   2
        -0.4320000000        0.0520000000       -0.2580000000    1   3
         0.0320000000        0.3240000000        0.3870000000    1   4
         0.0440000000       -0.2220000000       -0.4400000000    1   5
        -0.9500000000        0.7970000000        1.0350000000    1   6
         0.2520000000       -0.2490000000       -1.5690000000    1   7
        -0.2360000000        0.2370000000        1.5560000000    1   8
        -0.9840000000       -0.8590000000       -0.8780000000    1   9
         0.9720000000        0.8720000000        0.8960000000    1  10
         0.9850000000       -0.8130000000       -1.0920000000    1  11
         0.0000000000       -9.0000000000        0.0000000000    1  12
  
  
         0.0000000000        9.0000000000        0.0000000000    1   1
        -0.0000000000       -0.0000000000        0.0000000000    1   2
         0.3830000000        0.2910000000        0.0700000000    1   3
        -0.3830000000        0.2910000000       -0.0700000000    1   4
         0.3900000000       -0.2950000000       -0.0150000000    1   5
        -0.3900000000       -0.2950000000        0.0150000000    1   6
         0.0000000000        1.8390000000        0.0000000000    1   7
        -1.7290000000       -0.0050000000        0.0000000000    1   8
         1.7290000000       -0.0050000000        0.0000000000    1   9
         0.0000000000       -1.7950000000        0.0000000000    1  10
         1.7340000000       -0.0340000000        0.2600000000    1  11
        -1.7340000000        0.0240000000       -0.2600000000    1  12
  
  
