 ******** TEST FOR LINEAR DEPENDENCIES *********
 ***** EIGENVALUES OF THE OVERLAP MATRICES *****
 REPRESENTATION:           1  DIMEN:           1
           1          46
   0.4917245E-05  0.1399566E-03  0.1960609E-03  0.6720576E-03  0.3801510E-01
   0.5080627E-01  0.5080627E-01  0.7251499E-01  0.7251499E-01  0.7251499E-01
   0.7620940E-01  0.7620940E-01  0.7620940E-01  0.1456133      0.1456133    
   0.1756409      0.2184200      0.2184200      0.2184200      0.3738974    
   0.3738974      0.3738974      0.5188371      0.5188371      0.6025569    
   0.7782557      0.7782557      0.7782557      0.9989374      0.9989374    
   0.9989374       1.000343       1.032821       1.032821       1.032821    
    1.069330       1.951410       1.951410       2.484079       2.521829    
    2.521829       2.521829       2.927115       2.927115       2.927115    
    8.295688    
