    1.000    0.998    0.000    0.998    6.599   -7.608   -6.350   -0.947   -0.947   -6.599   -0.062    0.000    0.000
    2.000    0.929    0.000    0.918    0.723   -0.728   -0.457    0.026    0.026   -0.723   -0.031    0.000    0.000
    3.000    0.956    0.000    0.970    0.865   -0.890   -0.589    0.009    0.009   -0.865   -0.033    0.000    0.000
    4.000    0.937    0.000    0.923    0.993   -1.009   -0.657    0.017    0.017   -0.993   -0.034    0.000    0.000
    5.000    0.956    0.000    0.967    1.162   -1.214   -0.838   -0.016   -0.016   -1.162   -0.036    0.000    0.000
    6.000    0.976    0.000    0.971    0.720   -0.697   -0.398    0.055    0.055   -0.720   -0.032    0.000    0.000
    7.000    0.965    0.000    0.979    0.566   -0.550   -0.313    0.045    0.045   -0.566   -0.029    0.000    0.000
    8.000    0.951    0.000    0.938    0.555   -0.530   -0.287    0.054    0.054   -0.555   -0.028    0.000    0.000
    9.000    0.968    0.000    0.999    0.614   -0.625   -0.398    0.019    0.019   -0.614   -0.030    0.000    0.000
   10.000    0.954    0.000    0.928    0.602   -0.600   -0.364    0.031    0.031   -0.602   -0.029    0.000    0.000
   11.000    0.950    0.000    0.955    0.652   -0.620   -0.338    0.061    0.061   -0.652   -0.030    0.000    0.000
   12.000    0.876    0.000    0.872    0.376   -0.336   -0.145    0.063    0.063   -0.376   -0.023    0.000    0.000
    1.000    0.995    0.000    0.999    0.694   -0.694   -0.428    0.031    0.031   -0.694   -0.032    0.000    0.000
    2.000    1.000    0.000    1.000    6.571   -7.535   -6.242   -0.902   -0.902   -6.571   -0.062    0.000    0.000
    3.000    0.994    0.000    0.977    0.980   -1.034   -0.722   -0.019   -0.019   -0.980   -0.035    0.000    0.000
    4.000    0.993    0.000    0.994    0.985   -1.037   -0.720   -0.016   -0.016   -0.985   -0.035    0.000    0.000
    5.000    0.991    0.000    0.991    0.948   -0.992   -0.682   -0.009   -0.009   -0.948   -0.035    0.000    0.000
    6.000    0.992    0.000    1.008    0.958   -1.007   -0.697   -0.014   -0.014   -0.958   -0.035    0.000    0.000
    7.000    0.984    0.000    0.975    0.595   -0.519   -0.214    0.104    0.104   -0.595   -0.028    0.000    0.000
    8.000    0.997    0.000    1.005    0.613   -0.615   -0.378    0.028    0.028   -0.613   -0.030    0.000    0.000
    9.000    0.995    0.000    0.984    0.641   -0.640   -0.392    0.031    0.031   -0.641   -0.031    0.000    0.000
   10.000    0.968    0.000    0.970    0.696   -0.596   -0.233    0.128    0.128   -0.696   -0.028    0.000    0.000
   11.000    1.000    0.000    0.980    0.526   -0.525   -0.317    0.029    0.029   -0.526   -0.028    0.000    0.000
   12.000    0.999    0.000    1.021    0.544   -0.549   -0.339    0.025    0.025   -0.544   -0.029    0.000    0.000
