           1
   0.0000000000000000        0.0000000000000000        0.0000000000000000     
          28           1
   2.7748224200000005E-002  -2.2292812279655405     
   5.5496448400000009E-002   3.2558886578441073     
  0.11099289680000002       -4.2875938510871494     
  0.22198579360000004        3.5671387632871236     
  0.44397158720000007       -4.9660945611544109     
  0.88794317440000015        1.2910808432538639     
   1.7758863488000003       -5.4859259189499863     
   3.5517726976000006       -1.1373742241139011     
   7.1035453952000012       -2.5128387238486254     
   14.207090790400002       -2.3640443459679510     
   28.414181580800005       -1.8196327772909708     
   56.828363161600009       -2.3316547985900216     
   113.65672632320002      -0.87004109174730826     
   227.31345264640004       -1.4419673737303753     
   454.62690529280007      -0.63013099960341168     
   909.25381058560015      -0.65199367054946489     
   1818.5076211712003      -0.44568151558094488     
   3637.0152423424006      -0.26842672436840032     
   7274.0304846848012      -0.22171960046398201     
   14548.060969369602      -0.11399466267599254     
   29096.121938739205      -0.11879087263539675     
   58192.243877478410       -4.2218926772300255E-002
   116384.48775495682       -7.7175971129548021E-002
   232768.97550991364        3.2167363110230064E-003
   465537.95101982728       -5.9544673828764112E-002
   931075.90203965455       -1.0986974529017231E-002
   1862151.8040793091        3.5178327707008759E-002
   3724303.6081586182       -6.0071216903982032E-002
  
 TO USE THE STARTING POTENTIAL FEATURE, RENAME
 STRTS/STRTSP TO STPOTUP/STPOTDN AND RERUN
