   2          TOTAL NUMBER OF ATOM TYPES
  24  24      ELECTRONIC AND NUCLEAR CHARGE
ALL           ALL-ELECTRON ATOM TYPE
   1          NUMBER OF ATOMS OF TYPE CHR
ALL-CHR001
EXTRABASIS    CONTROLS USAGE OF SUPPLEMENTARY BASIS FUNCTIONS
  20          NUMBER OF BARE GAUSSIANS
   7   5   4  NUMBER OF S,P,D FUNCTIONS
   0   0   1  SUPPLEMENTARY S,P,D FUNCTIONS
       0.34895641D+07       0.51681264D+06       0.11717335D+06
       0.33078823D+05       0.10759427D+05       0.38746747D+04
       0.15082620D+04       0.62437655D+03       0.27166765D+03
       0.12302180D+03       0.57574455D+02       0.27412998D+02
       0.13274603D+02       0.64913639D+01       0.31376009D+01
       0.14705625D+01       0.66561567D+00       0.28217535D+00
       0.11162248D+00       0.41415260D-01

       0.53605967D+00       0.10019964D+01       0.17381870D+01
       0.28505401D+01       0.44598451D+01       0.66554411D+01
       0.93328250D+01       0.11817804D+02       0.12495508D+02
       0.94383301D+01       0.38298805D+01       0.49290238D+00
       0.33856115D-02       0.53229363D-03      -0.37864578D-04
      -0.11057364D-04       0.60167866D-05      -0.17267803D-05
       0.35693651D-06      -0.44891936D-07

      -0.15965924D+00      -0.29849035D+00      -0.51794863D+00
      -0.85071952D+00      -0.13359990D+01      -0.20151342D+01
      -0.28970941D+01      -0.38886428D+01      -0.46471397D+01
      -0.44800227D+01      -0.26137915D+01       0.43458532D+00
       0.23237259D+01       0.14674911D+01       0.22193442D+00
      -0.14094949D-03       0.64803271D-03      -0.13759151D-03
       0.25240617D-04      -0.30420353D-05

       0.59931464D-01       0.11200125D+00       0.19446955D+00
       0.31921713D+00       0.50201888D+00       0.75720489D+00
       0.10933360D+01       0.14745926D+01       0.17921305D+01
       0.17738198D+01       0.11067417D+01      -0.21903245D+00
      -0.13768304D+01      -0.12925317D+01       0.34167295D-01
       0.61351771D+00       0.26393600D+00       0.18768567D-01
      -0.27196606D-03       0.22662297D-04

      -0.14713562D-01      -0.27499007D-01      -0.47742339D-01
      -0.78379921D-01      -0.12325011D+00      -0.18596515D+00
      -0.26853788D+00      -0.36257480D+00      -0.44121009D+00
      -0.43851982D+00      -0.27518446D+00       0.54747292D-01
       0.35798908D+00       0.35298808D+00      -0.11638271D-01
      -0.22175581D+00      -0.15030626D+00      -0.87969563D-02
       0.76020047D-01       0.39955396D-01

       0.00000000D+00       0.00000000D+00       0.00000000D+00
       0.00000000D+00       0.00000000D+00       0.00000000D+00
       0.00000000D+00       0.00000000D+00       0.00000000D+00
       0.00000000D+00       0.00000000D+00       0.00000000D+00
       0.00000000D+00       0.00000000D+00       0.00000000D+00
       0.00000000D+00       0.00000000D+00       0.10000000D+01
       0.00000000D+00       0.00000000D+00

       0.00000000D+00       0.00000000D+00       0.00000000D+00
       0.00000000D+00       0.00000000D+00       0.00000000D+00
       0.00000000D+00       0.00000000D+00       0.00000000D+00
       0.00000000D+00       0.00000000D+00       0.00000000D+00
       0.00000000D+00       0.00000000D+00       0.00000000D+00
       0.00000000D+00       0.00000000D+00       0.00000000D+00
       0.10000000D+01       0.00000000D+00

       0.00000000D+00       0.00000000D+00       0.00000000D+00
       0.00000000D+00       0.00000000D+00       0.00000000D+00
       0.00000000D+00       0.00000000D+00       0.00000000D+00
       0.00000000D+00       0.00000000D+00       0.00000000D+00
       0.00000000D+00       0.00000000D+00       0.00000000D+00
       0.00000000D+00       0.00000000D+00       0.00000000D+00
       0.00000000D+00       0.10000000D+01

       0.49285453D+00       0.90323565D+00       0.15958446D+01
       0.25898427D+01       0.41167561D+01       0.62067112D+01
       0.91264268D+01       0.12645649D+02       0.16574517D+02
       0.19320321D+02       0.19416777D+02       0.14928087D+02
       0.77157789D+01       0.21239213D+01       0.19388580D+00
       0.94512281D-03       0.17364852D-03      -0.25180541D-04
       0.30837539D-05      -0.25486603D-06

      -0.18075585D+00      -0.32626974D+00      -0.58293270D+00
      -0.93862954D+00      -0.15011280D+01      -0.22551476D+01
      -0.33326147D+01      -0.46250024D+01      -0.61257090D+01
      -0.72580601D+01      -0.75389377D+01      -0.61111155D+01
      -0.33083507D+01      -0.50075073D+00       0.87764909D+00
       0.63284301D+00       0.17337782D+00       0.13786475D-01
      -0.55374187D-04       0.99807821D-05

       0.00000000D+00       0.00000000D+00       0.00000000D+00
       0.00000000D+00       0.00000000D+00       0.00000000D+00
       0.00000000D+00       0.00000000D+00       0.00000000D+00
       0.00000000D+00       0.00000000D+00       0.00000000D+00
       0.00000000D+00       0.00000000D+00       0.00000000D+00
       0.00000000D+00       0.00000000D+00       0.10000000D+01
       0.00000000D+00       0.00000000D+00

       0.00000000D+00       0.00000000D+00       0.00000000D+00
       0.00000000D+00       0.00000000D+00       0.00000000D+00
       0.00000000D+00       0.00000000D+00       0.00000000D+00
       0.00000000D+00       0.00000000D+00       0.00000000D+00
       0.00000000D+00       0.00000000D+00       0.00000000D+00
       0.00000000D+00       0.00000000D+00       0.00000000D+00
       0.10000000D+01       0.00000000D+00

       0.00000000D+00       0.00000000D+00       0.00000000D+00
       0.00000000D+00       0.00000000D+00       0.00000000D+00
       0.00000000D+00       0.00000000D+00       0.00000000D+00
       0.00000000D+00       0.00000000D+00       0.00000000D+00
       0.00000000D+00       0.00000000D+00       0.00000000D+00
       0.00000000D+00       0.00000000D+00       0.00000000D+00
       0.00000000D+00       0.10000000D+01

      -0.15717229D+01       0.12793940D+01      -0.53048746D+00
       0.91849150D+00       0.24527685D+00       0.12052828D+01
       0.11879757D+01       0.20984915D+01       0.25440396D+01
       0.33972191D+01       0.37978889D+01       0.38755052D+01
       0.32105552D+01       0.22346164D+01       0.11700608D+01
       0.40927787D+00       0.10655369D+00       0.20619155D-01
       0.26684138D-02       0.14394686D-03

       0.00000000D+00       0.00000000D+00       0.00000000D+00
       0.00000000D+00       0.00000000D+00       0.00000000D+00
       0.00000000D+00       0.00000000D+00       0.00000000D+00
       0.00000000D+00       0.00000000D+00       0.00000000D+00
       0.00000000D+00       0.00000000D+00       0.00000000D+00
       0.00000000D+00       0.10000000D+01       0.00000000D+00
       0.00000000D+00       0.00000000D+00

       0.00000000D+00       0.00000000D+00       0.00000000D+00
       0.00000000D+00       0.00000000D+00       0.00000000D+00
       0.00000000D+00       0.00000000D+00       0.00000000D+00
       0.00000000D+00       0.00000000D+00       0.00000000D+00
       0.00000000D+00       0.00000000D+00       0.00000000D+00
       0.00000000D+00       0.00000000D+00       0.10000000D+01
       0.00000000D+00       0.00000000D+00

       0.00000000D+00       0.00000000D+00       0.00000000D+00
       0.00000000D+00       0.00000000D+00       0.00000000D+00
       0.00000000D+00       0.00000000D+00       0.00000000D+00
       0.00000000D+00       0.00000000D+00       0.00000000D+00
       0.00000000D+00       0.00000000D+00       0.00000000D+00
       0.00000000D+00       0.00000000D+00       0.00000000D+00
       0.10000000D+01       0.00000000D+00

       0.00000000D+00       0.00000000D+00       0.00000000D+00
       0.00000000D+00       0.00000000D+00       0.00000000D+00
       0.00000000D+00       0.00000000D+00       0.00000000D+00
       0.00000000D+00       0.00000000D+00       0.00000000D+00
       0.00000000D+00       0.00000000D+00       0.00000000D+00
       0.00000000D+00       0.00000000D+00       0.00000000D+00
       0.00000000D+00       0.10000000D+01

  17  17      ELECTRONIC AND NUCLEAR CHARGE
ALL           ALL-ELECTRON ATOM TYPE
   1          NUMBER OF ATOMS OF TYPE CHL
ALL-CHL001
EXTRABASIS    CONTROLS USAGE OF SUPPLEMENTARY BASIS FUNCTIONS
  17          NUMBER OF BARE GAUSSIANS
   6   5   3  NUMBER OF S,P,D FUNCTIONS
   0   0   1  SUPPLEMENTARY S,P,D FUNCTIONS
       0.76480249D+06       0.11564524D+06       0.26504169D+05
       0.75461651D+04       0.24718940D+04       0.89553343D+03
       0.35020181D+03       0.14528124D+03       0.63111074D+02
       0.28421869D+02       0.12959526D+02       0.59387780D+01
       0.27235973D+01       0.12172374D+01       0.53805556D+00
       0.22181005D+00       0.85490840D-01

       0.47324367D+00       0.88038161D+00       0.15189228D+01
       0.24723090D+01       0.38137623D+01       0.55112424D+01
       0.71696154D+01       0.77608702D+01       0.59338258D+01
       0.23711489D+01       0.27688540D+00      -0.60869123D-04
       0.45112262D-03      -0.74194907D-04       0.12447935D-04
      -0.18367343D-05       0.19263622D-06

      -0.13182424D+00      -0.24513725D+00      -0.42369098D+00
      -0.69079058D+00      -0.10760759D+01      -0.15855949D+01
      -0.21769497D+01      -0.26350800D+01      -0.25633227D+01
      -0.14836481D+01       0.24128304D+00       0.12611052D+01
       0.77439130D+00       0.10319511D+00      -0.10804733D-02
       0.29543660D-03      -0.32865702D-04

       0.43053946D-01       0.80170242D-01       0.13830857D+00
       0.22613892D+00       0.35138988D+00       0.52091431D+00
       0.71497339D+00       0.88087544D+00       0.86874947D+00
       0.53858146D+00      -0.10405184D+00      -0.59932994D+00
      -0.56876595D+00      -0.17263839D-01       0.27177026D+00
       0.12153598D+00       0.74565142D-02

       0.00000000D+00       0.00000000D+00       0.00000000D+00
       0.00000000D+00       0.00000000D+00       0.00000000D+00
       0.00000000D+00       0.00000000D+00       0.00000000D+00
       0.00000000D+00       0.00000000D+00       0.00000000D+00
       0.00000000D+00       0.00000000D+00       0.10000000D+01
       0.00000000D+00       0.00000000D+00

       0.00000000D+00       0.00000000D+00       0.00000000D+00
       0.00000000D+00       0.00000000D+00       0.00000000D+00
       0.00000000D+00       0.00000000D+00       0.00000000D+00
       0.00000000D+00       0.00000000D+00       0.00000000D+00
       0.00000000D+00       0.00000000D+00       0.00000000D+00
       0.10000000D+01       0.00000000D+00

       0.00000000D+00       0.00000000D+00       0.00000000D+00
       0.00000000D+00       0.00000000D+00       0.00000000D+00
       0.00000000D+00       0.00000000D+00       0.00000000D+00
       0.00000000D+00       0.00000000D+00       0.00000000D+00
       0.00000000D+00       0.00000000D+00       0.00000000D+00
       0.00000000D+00       0.10000000D+01

       0.25939523D+00       0.51573340D+00       0.84897337D+00
       0.14384724D+01       0.21930255D+01       0.33532370D+01
       0.46804460D+01       0.62706991D+01       0.72874654D+01
       0.73675797D+01       0.56131923D+01       0.28899371D+01
       0.80637825D+00       0.74447135D-01      -0.61455320D-04
       0.96719629D-04      -0.82657567D-05

      -0.76887453D-01      -0.14378545D+00      -0.24743406D+00
      -0.40599956D+00      -0.63400566D+00      -0.95335520D+00
      -0.13528423D+01      -0.18027198D+01      -0.21427636D+01
      -0.21975557D+01      -0.17615298D+01      -0.94275013D+00
      -0.20572926D+00       0.17623141D+00       0.16069833D+00
       0.53860564D-01       0.60838410D-02

       0.00000000D+00       0.00000000D+00       0.00000000D+00
       0.00000000D+00       0.00000000D+00       0.00000000D+00
       0.00000000D+00       0.00000000D+00       0.00000000D+00
       0.00000000D+00       0.00000000D+00       0.00000000D+00
       0.00000000D+00       0.00000000D+00       0.10000000D+01
       0.00000000D+00       0.00000000D+00

       0.00000000D+00       0.00000000D+00       0.00000000D+00
       0.00000000D+00       0.00000000D+00       0.00000000D+00
       0.00000000D+00       0.00000000D+00       0.00000000D+00
       0.00000000D+00       0.00000000D+00       0.00000000D+00
       0.00000000D+00       0.00000000D+00       0.00000000D+00
       0.10000000D+01       0.00000000D+00

       0.00000000D+00       0.00000000D+00       0.00000000D+00
       0.00000000D+00       0.00000000D+00       0.00000000D+00
       0.00000000D+00       0.00000000D+00       0.00000000D+00
       0.00000000D+00       0.00000000D+00       0.00000000D+00
       0.00000000D+00       0.00000000D+00       0.00000000D+00
       0.00000000D+00       0.10000000D+01

       0.00000000D+00       0.00000000D+00       0.00000000D+00
       0.00000000D+00       0.00000000D+00       0.00000000D+00
       0.00000000D+00       0.00000000D+00       0.00000000D+00
       0.00000000D+00       0.00000000D+00       0.00000000D+00
       0.00000000D+00       0.10000000D+01       0.00000000D+00
       0.00000000D+00       0.00000000D+00

       0.00000000D+00       0.00000000D+00       0.00000000D+00
       0.00000000D+00       0.00000000D+00       0.00000000D+00
       0.00000000D+00       0.00000000D+00       0.00000000D+00
       0.00000000D+00       0.00000000D+00       0.00000000D+00
       0.00000000D+00       0.00000000D+00       0.10000000D+01
       0.00000000D+00       0.00000000D+00

       0.00000000D+00       0.00000000D+00       0.00000000D+00
       0.00000000D+00       0.00000000D+00       0.00000000D+00
       0.00000000D+00       0.00000000D+00       0.00000000D+00
       0.00000000D+00       0.00000000D+00       0.00000000D+00
       0.00000000D+00       0.00000000D+00       0.00000000D+00
       0.10000000D+01       0.00000000D+00

       0.00000000D+00       0.00000000D+00       0.00000000D+00
       0.00000000D+00       0.00000000D+00       0.00000000D+00
       0.00000000D+00       0.00000000D+00       0.00000000D+00
       0.00000000D+00       0.00000000D+00       0.00000000D+00
       0.00000000D+00       0.00000000D+00       0.00000000D+00
       0.00000000D+00       0.10000000D+01

ELECTRONS
WFOUT
