     9    0        3    0
         0.0000000000        0.0000000000        0.0000000000    1   1
         0.2260754936        0.2260754936        0.2260754936    4   2   4   5   6
         0.7576059999        0.7576059999        0.7576059999    4   3   7   8   9
  
         0.2260754936       -0.2260754936       -0.2260754936
        -0.2260754936        0.2260754936       -0.2260754936
        -0.2260754936       -0.2260754936        0.2260754936
         0.7576059999       -0.7576059999       -0.7576059999
        -0.7576059999        0.7576059999       -0.7576059999
        -0.7576059999       -0.7576059999        0.7576059999
  
  
  
  
