   1          TOTAL NUMBER OF ATOM TYPES
  18  18      ELECTRONIC AND NUCLEAR CHARGE
ALL           ALL-ELECTRON ATOM TYPE
   1          NUMBER OF ATOMS OF TYPE ARG
ALL-ARG001
EXTRABASIS    CONTROLS USAGE OF SUPPLEMENTARY BASIS FUNCTIONS
  17          NUMBER OF BARE GAUSSIANS
   6   5   3  NUMBER OF S,P,D FUNCTIONS
   0   0   1  SUPPLEMENTARY S,P,D FUNCTIONS
       0.86961319D+06       0.13139147D+06       0.30098018D+05
       0.85665166D+04       0.28054773D+04       0.10159956D+04
       0.39716608D+03       0.16475552D+03       0.71590105D+02
       0.32264886D+02       0.14745584D+02       0.67960559D+01
       0.31380140D+01       0.14100145D+01       0.62528925D+00
       0.25926923D+00       0.10038419D+00

       0.51283829D+00       0.95446040D+00       0.16471144D+01
       0.26812789D+01       0.41380636D+01       0.59864875D+01
       0.78033655D+01       0.84750605D+01       0.65180125D+01
       0.26286419D+01       0.31250445D+00       0.15115477D-03
       0.49767039D-03      -0.78848999D-04       0.12440367D-04
      -0.17242889D-05       0.17191084D-06

      -0.14464162D+00      -0.26911172D+00      -0.46518048D+00
      -0.75863105D+00      -0.11820350D+01      -0.17439401D+01
      -0.23980064D+01      -0.29125589D+01      -0.28467469D+01
      -0.16631107D+01       0.25444247D+00       0.14090378D+01
       0.86241463D+00       0.11258812D+00      -0.13018586D-02
       0.33729126D-03      -0.37548387D-04

       0.48348169D-01       0.90075786D-01       0.15541432D+00
       0.25417766D+00       0.39505844D+00       0.58644484D+00
       0.80627675D+00       0.99718699D+00       0.98893693D+00
       0.62013473D+00      -0.11468723D+00      -0.69387290D+00
      -0.65910318D+00       0.46164937D-02       0.30895600D+00
       0.13232967D+00       0.81164823D-02

       0.00000000D+00       0.00000000D+00       0.00000000D+00
       0.00000000D+00       0.00000000D+00       0.00000000D+00
       0.00000000D+00       0.00000000D+00       0.00000000D+00
       0.00000000D+00       0.00000000D+00       0.00000000D+00
       0.00000000D+00       0.00000000D+00       0.10000000D+01
       0.00000000D+00       0.00000000D+00

       0.00000000D+00       0.00000000D+00       0.00000000D+00
       0.00000000D+00       0.00000000D+00       0.00000000D+00
       0.00000000D+00       0.00000000D+00       0.00000000D+00
       0.00000000D+00       0.00000000D+00       0.00000000D+00
       0.00000000D+00       0.00000000D+00       0.00000000D+00
       0.10000000D+01       0.00000000D+00

       0.00000000D+00       0.00000000D+00       0.00000000D+00
       0.00000000D+00       0.00000000D+00       0.00000000D+00
       0.00000000D+00       0.00000000D+00       0.00000000D+00
       0.00000000D+00       0.00000000D+00       0.00000000D+00
       0.00000000D+00       0.00000000D+00       0.00000000D+00
       0.00000000D+00       0.10000000D+01

       0.30605736D+00       0.60433805D+00       0.99993441D+00
       0.16883528D+01       0.25814846D+01       0.39423855D+01
       0.55193052D+01       0.73990121D+01       0.86355762D+01
       0.87469917D+01       0.66750113D+01       0.34333846D+01
       0.94404321D+00       0.82907196D-01      -0.17635706D-03
       0.10935967D-03      -0.92493176D-05

      -0.93056424D-01      -0.17651667D+00      -0.30068299D+00
      -0.49715328D+00      -0.77232432D+00      -0.11671414D+01
      -0.16535720D+01      -0.22140254D+01      -0.26363416D+01
      -0.27206246D+01      -0.21837731D+01      -0.11717764D+01
      -0.23507425D+00       0.24109675D+00       0.19756380D+00
       0.62925328D-01       0.68552149D-02

       0.00000000D+00       0.00000000D+00       0.00000000D+00
       0.00000000D+00       0.00000000D+00       0.00000000D+00
       0.00000000D+00       0.00000000D+00       0.00000000D+00
       0.00000000D+00       0.00000000D+00       0.00000000D+00
       0.00000000D+00       0.00000000D+00       0.10000000D+01
       0.00000000D+00       0.00000000D+00

       0.00000000D+00       0.00000000D+00       0.00000000D+00
       0.00000000D+00       0.00000000D+00       0.00000000D+00
       0.00000000D+00       0.00000000D+00       0.00000000D+00
       0.00000000D+00       0.00000000D+00       0.00000000D+00
       0.00000000D+00       0.00000000D+00       0.00000000D+00
       0.10000000D+01       0.00000000D+00

       0.00000000D+00       0.00000000D+00       0.00000000D+00
       0.00000000D+00       0.00000000D+00       0.00000000D+00
       0.00000000D+00       0.00000000D+00       0.00000000D+00
       0.00000000D+00       0.00000000D+00       0.00000000D+00
       0.00000000D+00       0.00000000D+00       0.00000000D+00
       0.00000000D+00       0.10000000D+01

       0.00000000D+00       0.00000000D+00       0.00000000D+00
       0.00000000D+00       0.00000000D+00       0.00000000D+00
       0.00000000D+00       0.00000000D+00       0.00000000D+00
       0.00000000D+00       0.00000000D+00       0.00000000D+00
       0.00000000D+00       0.10000000D+01       0.00000000D+00
       0.00000000D+00       0.00000000D+00

       0.00000000D+00       0.00000000D+00       0.00000000D+00
       0.00000000D+00       0.00000000D+00       0.00000000D+00
       0.00000000D+00       0.00000000D+00       0.00000000D+00
       0.00000000D+00       0.00000000D+00       0.00000000D+00
       0.00000000D+00       0.00000000D+00       0.10000000D+01
       0.00000000D+00       0.00000000D+00

       0.00000000D+00       0.00000000D+00       0.00000000D+00
       0.00000000D+00       0.00000000D+00       0.00000000D+00
       0.00000000D+00       0.00000000D+00       0.00000000D+00
       0.00000000D+00       0.00000000D+00       0.00000000D+00
       0.00000000D+00       0.00000000D+00       0.00000000D+00
       0.10000000D+01       0.00000000D+00

       0.00000000D+00       0.00000000D+00       0.00000000D+00
       0.00000000D+00       0.00000000D+00       0.00000000D+00
       0.00000000D+00       0.00000000D+00       0.00000000D+00
       0.00000000D+00       0.00000000D+00       0.00000000D+00
       0.00000000D+00       0.00000000D+00       0.00000000D+00
       0.00000000D+00       0.10000000D+01

ELECTRONS
WFOUT
