    9    9  -2757.575891768728
  0.000000000000D+00  0.000000000000D+00 -0.163271918565D-02 D2INV=      1.0000 SUGGEST=       1.0000                   
  0.000000000000D+00  0.000000000000D+00  0.522974873384D+00 D2INV=      1.0000 SUGGEST=       1.0000                   
  0.355372784847D+00  0.370367028328D+00  0.233210704069D+00 D2INV=      1.0000 SUGGEST=       1.0000                   
  0.000000000000D+00  0.491271191800D+00 -0.346089945796D+00 D2INV=      1.0000 SUGGEST=       1.0000                   
  0.456889077756D+00  0.000000000000D+00 -0.394834073685D+00 D2INV=      1.0000 SUGGEST=       1.0000                   
  0.108334061112D+00  0.000000000000D+00  0.903736422143D-01 D2INV=      1.0000 SUGGEST=       1.0000                   
  0.000000000000D+00  0.116124747943D+00 -0.869166613424D-01 D2INV=      1.0000 SUGGEST=       1.0000                   
 -0.140460201515D+01  0.000000000000D+00 -0.140193163139D+01 D2INV=      1.0000 SUGGEST=       1.0000                   
  0.000000000000D+00 -0.139221152536D+01  0.138992042904D+01 D2INV=      1.0000 SUGGEST=       1.0000                   
  0.000000000000D+00  0.000000000000D+00  0.163271918565D-02 D2INV=      1.0000 SUGGEST=       1.0000                   
  0.000000000000D+00  0.000000000000D+00 -0.522974873384D+00 D2INV=      1.0000 SUGGEST=       1.0000                   
 -0.355372784847D+00 -0.370367028328D+00 -0.233210704069D+00 D2INV=      1.0000 SUGGEST=       1.0000                   
  0.000000000000D+00 -0.491271191800D+00  0.346089945796D+00 D2INV=      1.0000 SUGGEST=       1.0000                   
 -0.456889077756D+00  0.000000000000D+00  0.394834073685D+00 D2INV=      1.0000 SUGGEST=       1.0000                   
 -0.108334061112D+00  0.000000000000D+00 -0.903736422143D-01 D2INV=      1.0000 SUGGEST=       1.0000                   
  0.000000000000D+00 -0.116124747943D+00  0.869166613424D-01 D2INV=      1.0000 SUGGEST=       1.0000                   
  0.140460201515D+01  0.000000000000D+00  0.140193163139D+01 D2INV=      1.0000 SUGGEST=       1.0000                   
  0.000000000000D+00  0.139221152536D+01 -0.138992042904D+01 D2INV=      1.0000 SUGGEST=       1.0000                   
           4
         1.0000000000        0.0000000000        0.0000000000
         0.0000000000        1.0000000000        0.0000000000
         0.0000000000        0.0000000000        1.0000000000
  
        -1.0000000000        0.0000000000        0.0000000000
         0.0000000000       -1.0000000000        0.0000000000
         0.0000000000        0.0000000000        1.0000000000
  
         1.0000000000        0.0000000000        0.0000000000
         0.0000000000       -1.0000000000        0.0000000000
         0.0000000000        0.0000000000        1.0000000000
  
        -1.0000000000        0.0000000000        0.0000000000
         0.0000000000        1.0000000000        0.0000000000
         0.0000000000        0.0000000000        1.0000000000
  
