    3    0    -80.190758565456
  0.802882739518D+00  0.802882739518D+00  0.802882739518D+00 D2INV=      1.0000 SUGGEST=       1.0000                   
  0.000000000000D+00  0.000000000000D+00  0.000000000000D+00 D2INV=      1.0000 SUGGEST=       1.0000                   
  0.201474213890D+01  0.201474213890D+01 -0.341199709528D+00 D2INV=      1.0000 SUGGEST=       1.0000                   
 
***FRMGRP:
          12
         1.0000000000        0.0000000000        0.0000000000
         0.0000000000        1.0000000000        0.0000000000
         0.0000000000        0.0000000000        1.0000000000
  
         0.0000000000        1.0000000000        0.0000000000
         1.0000000000        0.0000000000        0.0000000000
         0.0000000000        0.0000000000        1.0000000000
  
        -1.0000000000        0.0000000000        0.0000000000
         0.0000000000       -1.0000000000        0.0000000000
         0.0000000000        0.0000000000       -1.0000000000
  
         0.0000000000        1.0000000000        0.0000000000
         0.0000000000        0.0000000000        1.0000000000
         1.0000000000        0.0000000000        0.0000000000
  
         0.0000000000       -1.0000000000        0.0000000000
        -1.0000000000        0.0000000000        0.0000000000
         0.0000000000        0.0000000000       -1.0000000000
  
         1.0000000000        0.0000000000        0.0000000000
         0.0000000000        0.0000000000        1.0000000000
         0.0000000000        1.0000000000        0.0000000000
  
         0.0000000000       -1.0000000000        0.0000000000
         0.0000000000        0.0000000000       -1.0000000000
        -1.0000000000        0.0000000000        0.0000000000
  
         0.0000000000        0.0000000000        1.0000000000
         0.0000000000        1.0000000000        0.0000000000
         1.0000000000        0.0000000000        0.0000000000
  
         0.0000000000        0.0000000000        1.0000000000
         1.0000000000        0.0000000000        0.0000000000
         0.0000000000        1.0000000000        0.0000000000
  
        -1.0000000000        0.0000000000        0.0000000000
         0.0000000000        0.0000000000       -1.0000000000
         0.0000000000       -1.0000000000        0.0000000000
  
         0.0000000000        0.0000000000       -1.0000000000
         0.0000000000       -1.0000000000        0.0000000000
        -1.0000000000        0.0000000000        0.0000000000
  
         0.0000000000        0.0000000000       -1.0000000000
        -1.0000000000        0.0000000000        0.0000000000
         0.0000000000       -1.0000000000        0.0000000000
  
***
 
***GRPMAT:
           1
     1.000000000000000        0.000000000000000        0.000000000000000    
     0.000000000000000        1.000000000000000        0.000000000000000    
     0.000000000000000        0.000000000000000        1.000000000000000    
  
***
 
***SYMBOL:
FOD_AND_GEO                                                                                         
LDA-PW91*LDA-PW91        (DF TYPE EXCHANGE*CORRELATION)                                             
OLDMESH                                                                                             
           1  NUMBER OF SYMBOLIC FILES
ISYMGEN = INPUT                                                                                     
           8  NUMBER OF NUCLEI
1.0  1 1 1                                                                                          
1.0  1 1 1                                                                                          
1.0  1 1 1                                                                                          
1.0  1 1 1                                                                                          
1.0  1 1 1                                                                                          
1.0  1 1 1                                                                                          
1.0  1 1 1                                                                                          
1.0  1 1 1                                                                                          
          32  BEST ENERGY
ALL-CAR001 =            0.8144737161        0.8144737092        0.8144714167                        
ALL-CAR002 =           -0.8144743415       -0.8144743548       -0.8144721883                        
ALL-HYD001 =            1.9933285868        1.9933285860       -0.3133228436                        
ALL-HYD002 =           -0.3133218561        1.9933284483        1.9933286313                        
ALL-HYD003 =            1.9933284394       -0.3133218565        1.9933286215                        
ALL-HYD004 =           -1.9933255614       -1.9933255604        0.3133218568                        
ALL-HYD005 =            0.3133213939       -1.9933252943       -1.9933250893                        
ALL-HYD006 =           -1.9933252948        0.3133213947       -1.9933250906                        
ELECTRONS  =  9.000000 9.000000                                                                     
EXTRABASIS =  0                                                                                     
 
***CLUSTER:
LDA-PW91*LDA-PW91        (DF TYPE EXCHANGE*CORRELATION) (DF TYPE EXCHANGE*CORRELATION)
GRP
    8 NUMBER OF INEQUIVALENT NUCLEI
         0.8144737161        0.8144737092        0.8144714167  6 ALL 
        -0.8144743415       -0.8144743548       -0.8144721883  6 ALL 
         1.9933285868        1.9933285860       -0.3133228436  1 ALL 
        -0.3133218561        1.9933284483        1.9933286313  1 ALL 
         1.9933284394       -0.3133218565        1.9933286215  1 ALL 
        -1.9933255614       -1.9933255604        0.3133218568  1 ALL 
         0.3133213939       -1.9933252943       -1.9933250893  1 ALL 
        -1.9933252948        0.3133213947       -1.9933250906  1 ALL 
   0.00000000       0.00000000      STILL NEED TO COMPLETE THIS RECORD
***
