    2    0    -14.706430435413
  0.000000000000D+00  0.000000000000D+00  0.000000000000D+00 D2INV=      1.0000 SUGGEST=       1.0000                   
  0.193000000000D+01  0.193000000000D+01  0.193000000000D+01 D2INV=      1.0000 SUGGEST=       1.0000                   
           6
         1.0000000000        0.0000000000        0.0000000000
         0.0000000000        1.0000000000        0.0000000000
         0.0000000000        0.0000000000        1.0000000000
  
         0.0000000000        1.0000000000        0.0000000000
         0.0000000000        0.0000000000        1.0000000000
         1.0000000000        0.0000000000        0.0000000000
  
         0.0000000000        0.0000000000        1.0000000000
         1.0000000000        0.0000000000        0.0000000000
         0.0000000000        1.0000000000        0.0000000000
  
         1.0000000000        0.0000000000        0.0000000000
         0.0000000000        0.0000000000        1.0000000000
         0.0000000000        1.0000000000        0.0000000000
  
         0.0000000000        0.0000000000        1.0000000000
         0.0000000000        1.0000000000        0.0000000000
         1.0000000000        0.0000000000        0.0000000000
  
         0.0000000000        1.0000000000        0.0000000000
         1.0000000000        0.0000000000        0.0000000000
         0.0000000000        0.0000000000        1.0000000000
  
