18 188
   -1.6163794958981050        6.9490027389749742E-003   0.0000000000000000                1
   -1.4761388055441849      -0.19320108061350502        0.0000000000000000                1
   -1.4726588085469849       0.20191278043446498        0.0000000000000000                1
   -1.7546879900504151        4.3012358799949801E-003  0.19882218277133001                1
   -1.7142348816471249      -0.65437449509279499       0.79610448738251005                1
  -0.58496100938812501       0.13688246963869499        0.0000000000000000                1
   -1.5726387957590950       0.72214957963014492      -0.77289184738535999                1
   -2.6689855484722553       -4.6036088306815021E-002   0.0000000000000000                1
    1.6683219002632650       -4.6809433384253447        0.0000000000000000                1
   -7.3470824076475039E-002  -7.8776969169535027E-002  -2.1034113052181298                1
   -3.0571588552567053       -2.1693804917098052        0.0000000000000000                1
    1.6163794958981050       -6.9490027389750020E-003   0.0000000000000000                1
    1.7549998989968452      -0.20478662878391501        0.0000000000000000                1
    1.7645322866481750       0.21245988532518501        0.0000000000000000                1
    1.4608119779361650       -3.5014730049501286E-004  0.21411378290676999                1
    1.1360049400782448       0.67863666533722489        0.0000000000000000                1
    2.0134885245398348       0.13552268338900497      -0.70490315544671001                1
    1.0135837023846648      -0.56508827913703508        0.0000000000000000                1
    1.6163794958981050        6.9490027389749742E-003   0.0000000000000000                1
    1.4761388055441849      -0.19320108061350502        0.0000000000000000                1
    1.4726588085469849       0.20191278043446498        0.0000000000000000                1
    1.7546879900504151        4.3012358799949801E-003  0.19882218277133001                1
    1.7142348816471249      -0.65437449509279499       0.79610448738251005                1
   0.58496100938812501       0.13688246963869499        0.0000000000000000                1
    1.5726387957590950       0.72214957963014492      -0.77289184738535999                1
    2.6689855484722553       -4.6036088306815021E-002   0.0000000000000000                1
   -1.6683219002632650       -4.6809433384253447        0.0000000000000000                1
    7.3470824076475039E-002  -7.8776969169535027E-002  -2.1034113052181298                1
    3.0571588552567053       -2.1693804917098052        0.0000000000000000                1
   -1.6163794958981050       -6.9490027389750020E-003   0.0000000000000000                1
   -1.7549998989968452      -0.20478662878391501        0.0000000000000000                1
   -1.7645322866481750       0.21245988532518501        0.0000000000000000                1
   -1.4608119779361650       -3.5014730049501286E-004  0.21411378290676999                1
   -1.1360049400782448       0.67863666533722489        0.0000000000000000                1
   -2.0134885245398348       0.13552268338900497      -0.70490315544671001                1
   -1.0135837023846648      -0.56508827913703508        0.0000000000000000                1
