   3      -1291.505903561      -2084.248374870       2090.644503283         48.000003384      -2092.175049242      -2092.175051445
   4      -1291.515344527      -2084.248290922       2090.650076500         48.000003382      -2092.175035798      -2092.175049242
  IT          TRACE              EDFT          EKIN+ENONLOC         CHARGE         EDFT+SIC          LOWEST
   1          0.000000000      -2084.248290922       2090.650076500         48.000003382      -2092.175035931          0.000000000
   2      -1291.554968899      -2084.248068646       2090.686043935         48.000003378      -2092.175002756      -2092.175035931
   3      -1291.545474023      -2084.248044377       2090.687507099         48.000003376      -2092.174994397      -2092.175002756
   4      -1291.534834723      -2084.248089512       2090.680703609         48.000003375      -2092.174992958      -2092.174994397
   5      -1291.526845341      -2084.248140967       2090.673506251         48.000003375      -2092.174993072      -2092.174992958
  IT          TRACE              EDFT          EKIN+ENONLOC         CHARGE         EDFT+SIC          LOWEST
   1          0.000000000      -2084.248140967       2090.673506251         48.000003375      -2092.174993097          0.000000000
